"unit" "studym" "intervention" "pre_post" "pd" "falls" "insurance" "prop_female_pd" "prop_white_pd" "prop_pd75" "prop_psy"
1 1 0 0 406 3 0.53448275862069 0.517241379310345 0.374384236453202 0.0935960591133005 0.15931
1 2 0 0 510 3 0.496078431372549 0.484313725490196 0.470588235294118 0.123529411764706 0.20116
1 3 0 0 543 8 0.401473296500921 0.534069981583794 0.458563535911602 0.101289134438306 0.2243
1 4 0 0 556 3 0.482014388489209 0.525179856115108 0.455035971223022 0.160071942446043 0.2144
1 5 0 0 588 5 0.474489795918367 0.537414965986395 0.496598639455782 0.139455782312925 0.28782
1 6 0 0 523 2 0.336520076481836 0.55640535372849 0.378585086042065 0.0879541108986616 0.34783
1 7 0 0 553 9 0.466546112115732 0.517179023508137 0.44122965641953 0.103074141048825 0.28702
1 8 0 0 378 6 0.462962962962963 0.563492063492063 0.441798941798942 0.0767195767195767 0.23127
1 9 0 1 472 7 0.275423728813559 0.432203389830508 0.521186440677966 0.139830508474576 0.33915
1 10 0 1 474 5 0.341772151898734 0.430379746835443 0.573839662447257 0.179324894514768 0.18956
1 11 0 1 579 6 0.440414507772021 0.504317789291883 0.436960276338515 0.176165803108808 0.28082
1 12 0 1 574 6 0.411149825783972 0.574912891986063 0.39198606271777 0.144599303135889 0.29932
1 13 0 1 562 2 0.416370106761566 0.645907473309609 0.565836298932384 0.165480427046263 0.29617
1 14 0 1 542 4 0.44280442804428 0.588560885608856 0.485239852398524 0.121771217712177 0.26065
1 15 0 1 534 2 0.456928838951311 0.561797752808989 0.408239700374532 0.181647940074906 0.28983
1 16 0 1 513 4 0.499025341130604 0.458089668615984 0.426900584795322 0.191033138401559 0.27641
1 17 0 1 579 3 0.457685664939551 0.51986183074266 0.483592400690846 0.233160621761658 0.24675
1 18 0 1 460 6 0.571739130434783 0.610869565217391 0.521739130434783 0.2 0.22203
1 19 0 1 589 2 0.505942275042445 0.550084889643463 0.544991511035654 0.149405772495756 0.22524
1 20 0 1 545 4 0.324770642201835 0.598165137614679 0.491743119266055 0.124770642201835 0.23871
1 21 0 1 525 3 0.497142857142857 0.579047619047619 0.436190476190476 0.228571428571429 0.32114
1 22 0 1 546 4 0.435897435897436 0.653846153846154 0.554945054945055 0.179487179487179 0.33171
1 23 0 1 535 3 0.319626168224299 0.549532710280374 0.528971962616822 0.0766355140186916 0.27467
1 24 0 1 524 9 0.438931297709924 0.515267175572519 0.49236641221374 0.146946564885496 0.24631
1 25 0 1 467 6 0.366167023554604 0.580299785867238 0.49678800856531 0.167023554603854 0.18712
1 26 0 1 590 1 0.411864406779661 0.449152542372881 0.508474576271186 0.00508474576271186 0.17568
2 1 1 0 433 3 0.722863741339492 0.605080831408776 0.251732101616628 0.265588914549654 0.22574
2 2 1 0 500 2 0.654 0.53 0.26 0.194 0.23862
2 3 1 0 473 8 0.695560253699789 0.570824524312896 0.317124735729387 0.217758985200846 0.30702
2 4 1 0 505 5 0.594059405940594 0.699009900990099 0.182178217821782 0.287128712871287 0.26506
2 5 1 0 524 10 0.807251908396947 0.679389312977099 0.318702290076336 0.362595419847328 0.2939
2 6 1 0 475 7 0.623157894736842 0.648421052631579 0.298947368421053 0.250526315789474 0.38415
2 7 1 0 506 5 0.66403162055336 0.677865612648221 0.284584980237154 0.296442687747036 0.26692
2 8 1 0 360 3 0.622222222222222 0.583333333333333 0.230555555555556 0.208333333333333 0.23412
2 9 1 1 494 2 0.59919028340081 0.578947368421053 0.198380566801619 0.259109311740891 0.22177
2 10 1 1 327 5 0.565749235474006 0.678899082568807 0.370030581039755 0.214067278287462 0.31401
2 11 1 1 30 2 0 0 1 0 0.47222
2 12 1 1 NA NA NA NA NA NA 0.70968
2 13 1 1 NA NA NA NA NA NA 0.53333
2 14 1 1 NA NA NA NA NA NA 0.7
2 15 1 1 NA NA NA NA NA NA 0.77419
2 16 1 1 NA NA NA NA NA NA 0.13333
2 17 1 1 NA NA NA NA NA NA 0.5
2 18 1 1 NA NA NA NA NA NA 0.25
2 19 1 1 NA NA NA NA NA NA 0.57143
2 20 1 1 NA NA NA NA NA NA 0.41176
2 21 1 1 NA NA NA NA NA NA 0.10526
2 22 1 1 NA NA NA NA NA NA 0.57895
2 23 1 1 NA NA NA NA NA NA 0.48276
2 24 1 1 NA NA NA NA NA NA 0.21429
2 25 1 1 NA NA NA NA NA NA 0.43478
2 26 1 1 NA NA NA NA NA NA 0.16216
3 1 0 0 283 2 0.519434628975265 0.42756183745583 0.219081272084806 0.445229681978799 0.11667
3 2 0 0 304 0 0.654605263157895 0.460526315789474 0.378289473684211 0.572368421052632 0.11702
3 3 0 0 304 1 0.578947368421053 0.407894736842105 0.513157894736842 0.411184210526316 0.2622
3 4 0 0 358 2 0.589385474860335 0.432960893854749 0.293296089385475 0.46927374301676 0.12851
3 5 0 0 371 0 0.566037735849057 0.442048517520216 0.401617250673854 0.266846361185984 0.36
3 6 0 0 340 2 0.694117647058824 0.570588235294118 0.364705882352941 0.364705882352941 0.35018
3 7 0 0 359 2 0.671309192200557 0.515320334261838 0.35933147632312 0.367688022284123 0.16968
3 8 0 0 251 2 0.641434262948207 0.52191235059761 0.549800796812749 0.266932270916335 0.16049
3 9 0 1 366 1 0.636612021857924 0.37431693989071 0.426229508196721 0.497267759562842 0.13793
3 10 0 1 328 5 0.652439024390244 0.518292682926829 0.323170731707317 0.609756097560976 0.1145
3 11 0 1 310 2 0.554838709677419 0.319354838709677 0.438709677419355 0.606451612903226 0.20737
3 12 0 1 374 2 0.505347593582888 0.382352941176471 0.427807486631016 0.419786096256685 0.20084
3 13 0 1 311 1 0.405144694533762 0.35048231511254 0.508038585209003 0.479099678456592 0.11392
3 14 0 1 314 0 0.557324840764331 0.547770700636943 0.331210191082803 0.423566878980892 0.19231
3 15 0 1 311 2 0.591639871382637 0.427652733118971 0.340836012861736 0.54983922829582 0.175
3 16 0 1 368 2 0.58695652173913 0.385869565217391 0.453804347826087 0.567934782608696 0.14554
3 17 0 1 415 1 0.681927710843373 0.551807228915663 0.346987951807229 0.67710843373494 0.09223
3 18 0 1 319 3 0.517241379310345 0.567398119122257 0.45141065830721 0.539184952978056 0.20524
3 19 0 1 450 3 0.466666666666667 0.548888888888889 0.366666666666667 0.517777777777778 0.20357
3 20 0 1 381 0 0.517060367454068 0.538057742782152 0.446194225721785 0.692913385826772 0.19551
3 21 0 1 397 1 0.632241813602015 0.455919395465995 0.476070528967254 0.795969773299748 0.22727
3 22 0 1 332 0 0.575301204819277 0.36144578313253 0.5 0.704819277108434 0.23724
3 23 0 1 431 3 0.561484918793503 0.491879350348028 0.559164733178654 0.48491879350348 0.39496
3 24 0 1 350 3 0.685714285714286 0.617142857142857 0.477142857142857 0.434285714285714 0.34568
3 25 0 1 345 0 0.56231884057971 0.585507246376812 0.347826086956522 0.434782608695652 0.09132
3 26 0 1 388 2 0.559278350515464 0.456185567010309 0.474226804123711 0.579896907216495 0.06667
4 1 0 0 576 3 0.741319444444444 0.600694444444444 0.243055555555556 0.220486111111111 0.164
4 2 0 0 664 6 0.712349397590361 0.561746987951807 0.265060240963855 0.212349397590361 0.12833
4 3 0 0 587 7 0.68824531516184 0.579216354344123 0.298126064735945 0.189097103918228 0.20658
4 4 0 0 542 5 0.714022140221402 0.564575645756458 0.321033210332103 0.260147601476015 0.2065
4 5 0 0 600 1 0.635 0.54 0.275 0.181666666666667 0.2521
4 6 0 0 602 3 0.68936877076412 0.54485049833887 0.26578073089701 0.172757475083056 0.24742
4 7 0 0 683 3 0.604685212298682 0.653001464128843 0.226939970717423 0.200585651537335 0.18336
4 8 0 0 442 7 0.746606334841629 0.427601809954751 0.319004524886878 0.192307692307692 0.1661
4 9 0 1 639 4 0.802816901408451 0.560250391236307 0.173708920187793 0.384976525821596 0.24575
4 10 0 1 581 3 0.691910499139415 0.559380378657487 0.282271944922547 0.344234079173838 0.15993
4 11 0 1 612 1 0.761437908496732 0.589869281045752 0.263071895424837 0.276143790849673 0.10142
4 12 0 1 631 2 0.708399366085578 0.602218700475436 0.385103011093502 0.33122028526149 0.24178
4 13 0 1 592 5 0.653716216216216 0.555743243243243 0.3125 0.33277027027027 0.16123
4 14 0 1 608 2 0.707236842105263 0.462171052631579 0.256578947368421 0.223684210526316 0.15359
4 15 0 1 553 2 0.687160940325497 0.504520795660036 0.229656419529837 0.291139240506329 0.13313
4 16 0 1 608 4 0.787828947368421 0.472039473684211 0.226973684210526 0.317434210526316 0.14331
4 17 0 1 633 6 0.706161137440758 0.541864139020537 0.375987361769352 0.309636650868878 0.21166
4 18 0 1 535 0 0.852336448598131 0.519626168224299 0.282242990654206 0.465420560747664 0.20638
4 19 0 1 647 2 0.76661514683153 0.476043276661515 0.295208655332303 0.343122102009274 0.21557
4 20 0 1 593 2 0.763912310286678 0.556492411467116 0.313659359190556 0.445193929173693 0.26502
4 21 0 1 595 3 0.707563025210084 0.563025210084034 0.352941176470588 0.463865546218487 0.22836
4 22 0 1 556 0 0.688848920863309 0.58273381294964 0.27158273381295 0.273381294964029 0.22384
4 23 0 1 608 1 0.819078947368421 0.569078947368421 0.254934210526316 0.432565789473684 0.17733
4 24 0 1 594 4 0.752525252525252 0.531986531986532 0.316498316498317 0.383838383838384 0.20508
4 25 0 1 578 5 0.71280276816609 0.577854671280277 0.356401384083045 0.385813148788927 0.20476
4 26 0 1 603 4 0.741293532338308 0.537313432835821 0.258706467661692 0.12106135986733 0.10428
5 1 0 0 1097 5 0.379216043755697 0.512306289881495 0.360072926162261 0.0793072014585232 0.09699
5 2 0 0 987 1 0.333333333333333 0.565349544072948 0.24113475177305 0.0749746707193516 0.1439
5 3 0 0 947 4 0.333685322069694 0.357972544878564 0.352692713833157 0.0527983104540655 0.21134
5 4 0 0 757 4 0.376486129458388 0.420079260237781 0.289299867899604 0.0686922060766182 0.22888
5 5 0 0 945 5 0.364021164021164 0.558730158730159 0.366137566137566 0.0264550264550265 0.20082
5 6 0 0 921 0 0.407166123778502 0.465798045602606 0.403908794788274 0.0879478827361563 0.36864
5 7 0 0 971 4 0.378990731204943 0.479917610710608 0.37384140061792 0.0895983522142122 0.19242
5 8 0 0 683 8 0.358711566617862 0.562225475841874 0.330893118594436 0.101024890190337 0.26737
5 9 0 1 1051 2 0.324452901998097 0.552806850618459 0.335870599429115 0.113225499524263 0.26337
5 10 0 1 1154 3 0.362218370883882 0.499133448873484 0.37001733102253 0.131715771230503 0.20776
5 11 0 1 1169 9 0.366980325064157 0.566295979469632 0.3464499572284 0.109495295124038 0.13647
5 12 0 1 1238 11 0.407915993537964 0.540387722132472 0.350565428109855 0.0936995153473344 0.17894
5 13 0 1 1065 3 0.31924882629108 0.568075117370892 0.375586854460094 0.0769953051643193 0.18699
5 14 0 1 1113 3 0.386343216531896 0.556154537286613 0.291105121293801 0.0889487870619946 0.16459
5 15 0 1 991 9 0.319878910191726 0.427850655903128 0.296670030272452 0.0221997981836529 0.16508
5 16 0 1 949 9 0.345626975763962 0.373024236037935 0.301369863013699 0.0684931506849315 0.1363
5 17 0 1 988 3 0.371457489878542 0.506072874493927 0.379554655870445 0.101214574898785 0.17852
5 18 0 1 948 5 0.302742616033755 0.529535864978903 0.380801687763713 0.0864978902953586 0.17375
5 19 0 1 1103 5 0.313689936536718 0.449682683590209 0.326382592928377 0.0525838621940163 0.09699
5 20 0 1 1054 5 0.351043643263757 0.586337760910816 0.357685009487666 0.154648956356736 0.16981
5 21 0 1 1026 7 0.324561403508772 0.45224171539961 0.33625730994152 0.153021442495127 0.12953
5 22 0 1 879 2 0.311717861205916 0.525597269624573 0.407281001137656 0.068259385665529 0.15457
5 23 0 1 914 7 0.357768052516411 0.578774617067834 0.286652078774617 0.0809628008752735 0.11695
5 24 0 1 972 5 0.342592592592593 0.584362139917695 0.378600823045267 0.0617283950617284 0.18608
5 25 0 1 862 5 0.425754060324826 0.591647331786543 0.325986078886311 0.155452436194896 0.17581
5 26 0 1 1082 9 0.356746765249538 0.507393715341959 0.362292051756007 0.150646950092421 0.12758
6 1 0 0 265 1 0.467924528301887 0.607547169811321 0.245283018867925 0.120754716981132 0.13258
6 2 0 0 395 2 0.4 0.592405063291139 0.29620253164557 0.0936708860759494 0.16718
6 3 0 0 381 0 0.435695538057743 0.619422572178478 0.320209973753281 0.094488188976378 0.12613
6 4 0 0 517 0 0.572533849129594 0.611218568665377 0.270793036750484 0.216634429400387 0.23673
6 5 0 0 549 1 0.502732240437158 0.568306010928962 0.238615664845173 0.109289617486339 0.32544
6 6 0 0 505 0 0.540594059405941 0.712871287128713 0.221782178217822 0.221782178217822 0.30285
6 7 0 0 542 0 0.529520295202952 0.745387453874539 0.309963099630996 0.1309963099631 0.17547
6 8 0 0 366 4 0.519125683060109 0.601092896174863 0.401639344262295 0.218579234972678 0.2659
6 9 0 1 410 1 0.48780487804878 0.539024390243902 0.253658536585366 0.192682926829268 0.23929
6 10 0 1 402 2 0.557213930348259 0.641791044776119 0.378109452736318 0.350746268656716 0.26718
6 11 0 1 514 1 0.533073929961089 0.544747081712062 0.359922178988327 0.239299610894942 0.21239
6 12 0 1 526 1 0.534220532319392 0.543726235741445 0.408745247148289 0.230038022813688 0.15285
6 13 0 1 330 1 0.6 0.496969696969697 0.393939393939394 0.233333333333333 0.19903
6 14 0 1 478 2 0.579497907949791 0.510460251046025 0.280334728033473 0.259414225941423 0.24265
6 15 0 1 509 1 0.575638506876228 0.426326129666012 0.277013752455796 0.282907662082515 0.21103
6 16 0 1 506 3 0.612648221343874 0.41304347826087 0.270750988142292 0.270750988142292 0.26347
6 17 0 1 521 0 0.618042226487524 0.464491362763916 0.220729366602687 0.224568138195777 0.24377
6 18 0 1 482 0 0.578838174273859 0.429460580912863 0.201244813278008 0.205394190871369 0.24895
6 19 0 1 533 3 0.609756097560976 0.551594746716698 0.219512195121951 0.279549718574109 0.21157
6 20 0 1 523 2 0.588910133843212 0.565965583173996 0.177820267686424 0.217973231357553 0.12072
6 21 0 1 480 1 0.597916666666667 0.652083333333333 0.233333333333333 0.1875 0.2627
6 22 0 1 473 3 0.604651162790698 0.634249471458774 0.268498942917548 0.19661733615222 0.24949
6 23 0 1 432 0 0.666666666666667 0.509259259259259 0.263888888888889 0.194444444444444 0.2875
6 24 0 1 501 2 0.584830339321357 0.614770459081836 0.179640718562874 0.217564870259481 0.1706
6 25 0 1 509 0 0.447937131630648 0.400785854616896 0.131630648330059 0.165029469548134 0.09176
6 26 0 1 532 2 0.573308270676692 0.483082706766917 0.332706766917293 NA 0.12833
7 1 1 0 384 1 0.541666666666667 0.3515625 0.481770833333333 0.0208333333333333 0.21564
7 2 1 0 377 2 0.450928381962865 0.408488063660477 0.435013262599469 0.0503978779840849 0.25
7 3 1 0 356 1 0.564606741573034 0.539325842696629 0.379213483146067 0.0870786516853933 0.25735
7 4 1 0 411 1 0.62043795620438 0.506082725060827 0.403892944038929 0.214111922141119 0.222
7 5 1 0 416 2 0.699519230769231 0.545673076923077 0.408653846153846 0.151442307692308 0.43035
7 6 1 0 394 3 0.512690355329949 0.461928934010152 0.390862944162437 0.0989847715736041 0.45254
7 7 1 0 403 0 0.595533498759305 0.481389578163772 0.483870967741935 0.0595533498759305 0.24699
7 8 1 0 258 4 0.651162790697674 0.468992248062016 0.422480620155039 0.193798449612403 0.27004
7 9 1 1 389 5 0.560411311053985 0.470437017994859 0.537275064267352 0.159383033419023 0.23142
7 10 1 1 367 2 0.523160762942779 0.457765667574932 0.523160762942779 0.0708446866485014 0.1223
7 11 1 1 371 4 0.649595687331536 0.315363881401617 0.592991913746631 0.0943396226415094 0.15206
7 12 1 1 421 0 0.764845605700713 0.460807600950119 0.581947743467934 0.180522565320665 0.18835
7 13 1 1 351 2 0.695156695156695 0.404558404558405 0.441595441595442 0.165242165242165 0.12702
7 14 1 1 368 1 0.627717391304348 0.459239130434783 0.480978260869565 0.144021739130435 0.21302
7 15 1 1 335 3 0.543283582089552 0.334328358208955 0.397014925373134 0.0567164179104478 0.1453
7 16 1 1 349 0 0.610315186246418 0.358166189111748 0.455587392550143 0.126074498567335 0.06197
7 17 1 1 389 1 0.588688946015424 0.493573264781491 0.395886889460154 0.0848329048843188 0.20506
7 18 1 1 297 1 0.501683501683502 0.417508417508417 0.457912457912458 0.0437710437710438 0.19288
7 19 1 1 390 0 0.566666666666667 0.38974358974359 0.448717948717949 0.0923076923076923 0.18466
7 20 1 1 342 3 0.637426900584795 0.526315789473684 0.371345029239766 0.105263157894737 0.18033
7 21 1 1 333 0 0.582582582582583 0.57957957957958 0.381381381381381 0.0540540540540541 0.13285
7 22 1 1 302 0 0.635761589403974 0.592715231788079 0.311258278145695 0.102649006622517 0.13287
7 23 1 1 354 1 0.415254237288136 0.559322033898305 0.418079096045198 0.0508474576271186 0.1467
7 24 1 1 300 1 0.453333333333333 0.473333333333333 0.363333333333333 0.0366666666666667 0.27381
7 25 1 1 187 2 0.60427807486631 0.561497326203209 0.358288770053476 0.0481283422459893 0.24623
7 26 1 1 337 0 0.468842729970326 0.543026706231454 0.427299703264095 0.056379821958457 0.15625
8 1 0 0 677 5 0.711964549483013 0.677991137370753 0.163958641063516 0.251107828655835 0.13485
8 2 0 0 729 3 0.611796982167353 0.534979423868313 0.159122085048011 0.190672153635117 0.20672
8 3 0 0 683 1 0.629575402635432 0.71303074670571 0.149341142020498 0.231332357247438 0.22563
8 4 0 0 716 5 0.63268156424581 0.541899441340782 0.26536312849162 0.124301675977654 0.30336
8 5 0 0 728 5 0.718406593406593 0.554945054945055 0.259615384615385 0.178571428571429 0.27177
8 6 0 0 662 5 0.697885196374622 0.610271903323263 0.146525679758308 0.200906344410876 0.31335
8 7 0 0 715 6 0.681118881118881 0.559440559440559 0.145454545454545 0.267132867132867 0.25752
8 8 0 0 409 3 0.672371638141809 0.667481662591687 0.190709046454768 0.200488997555012 0.20809
8 9 0 1 564 3 0.734042553191489 0.593971631205674 0.221631205673759 0.267730496453901 0.24282
8 10 0 1 536 4 0.666044776119403 0.572761194029851 0.190298507462687 0.212686567164179 0.26825
8 11 0 1 627 2 0.556618819776715 0.553429027113238 0.170653907496013 0.290271132376396 0.13703
8 12 0 1 727 1 0.716643741403026 0.676753782668501 0.248968363136176 0.298486932599725 0.26893
8 13 0 1 686 3 0.682215743440233 0.664723032069971 0.157434402332362 0.355685131195335 0.18642
8 14 0 1 700 4 0.697142857142857 0.582857142857143 0.182857142857143 0.257142857142857 0.21655
8 15 0 1 672 4 0.71875 0.602678571428571 0.150297619047619 0.354166666666667 0.23302
8 16 0 1 702 5 0.680911680911681 0.643874643874644 0.160968660968661 0.311965811965812 0.25128
8 17 0 1 716 5 0.66340782122905 0.479050279329609 0.166201117318436 0.243016759776536 0.21717
8 18 0 1 628 8 0.664012738853503 0.613057324840764 0.164012738853503 0.253184713375796 0.23153
8 19 0 1 707 3 0.633663366336634 0.602545968882603 0.157001414427157 0.268741159830269 0.2442
8 20 0 1 684 2 0.685672514619883 0.574561403508772 0.27046783625731 0.323099415204678 0.20388
8 21 0 1 697 3 0.710186513629842 0.57245337159254 0.203730272596844 0.309899569583931 0.1625
8 22 0 1 662 5 0.678247734138973 0.623867069486405 0.217522658610272 0.253776435045317 0.18065
8 23 0 1 684 7 0.679824561403509 0.584795321637427 0.121345029239766 0.292397660818713 0.19474
8 24 0 1 654 2 0.67737003058104 0.535168195718654 0.188073394495413 0.249235474006116 0.17764
8 25 0 1 666 4 0.591591591591592 0.573573573573574 0.112612612612613 0.258258258258258 0.23609
8 26 0 1 693 6 0.633477633477634 0.513708513708514 0.248196248196248 0.199134199134199 0.26323
9 1 1 0 384 1 0.640625 0.541666666666667 0.377604166666667 0.28125 0.19159
9 2 1 0 389 2 0.681233933161954 0.6426735218509 0.475578406169666 0.431876606683805 0.23514
9 3 1 0 114 0 0.614035087719298 0.675438596491228 0.342105263157895 0.201754385964912 0.41406
9 4 1 0 44 1 0.704545454545455 0.727272727272727 0.522727272727273 0.363636363636364 1
9 5 1 0 318 1 0.707547169811321 0.60062893081761 0.534591194968553 0.223270440251572 0.22685
9 6 1 0 528 1 0.602272727272727 0.649621212121212 0.318181818181818 0.223484848484848 0.31939
9 7 1 0 532 3 0.62218045112782 0.593984962406015 0.25 0.240601503759398 0.24394
9 8 1 0 357 0 0.750700280112045 0.543417366946779 0.179271708683473 0.302521008403361 0.22288
9 9 1 1 472 1 0.648305084745763 0.599576271186441 0.353813559322034 0.364406779661017 0.28049
9 10 1 1 468 4 0.673076923076923 0.572649572649573 0.286324786324786 0.275641025641026 0.28636
9 11 1 1 591 9 0.61590524534687 0.61590524534687 0.379018612521151 0.277495769881557 0.31125
9 12 1 1 604 3 0.490066225165563 0.516556291390728 0.437086092715232 0.230132450331126 0.27893
9 13 1 1 576 3 0.633680555555556 0.602430555555556 0.338541666666667 0.217013888888889 0.2973
9 14 1 1 570 4 0.668421052631579 0.589473684210526 0.380701754385965 0.317543859649123 0.28639
9 15 1 1 547 3 0.603290676416819 0.650822669104205 0.351005484460695 0.336380255941499 0.23411
9 16 1 1 555 4 0.652252252252252 0.63963963963964 0.363963963963964 0.279279279279279 0.34247
9 17 1 1 530 3 0.641509433962264 0.422641509433962 0.349056603773585 0.345283018867925 0.27863
9 18 1 1 543 3 0.703499079189687 0.56353591160221 0.392265193370166 0.390423572744015 0.23917
9 19 1 1 596 6 0.62248322147651 0.674496644295302 0.24496644295302 0.201342281879195 0.23833
9 20 1 1 539 5 0.500927643784787 0.512059369202226 0.341372912801484 0.224489795918367 0.23063
9 21 1 1 564 3 0.576241134751773 0.671985815602837 0.340425531914894 0.269503546099291 0.21648
9 22 1 1 524 3 0.641221374045801 0.704198473282443 0.412213740458015 0.32824427480916 0.26978
9 23 1 1 569 2 0.567662565905097 0.560632688927944 0.42530755711775 0.31634446397188 0.30294
9 24 1 1 607 3 0.533772652388797 0.579901153212521 0.406919275123558 0.268533772652389 0.24432
9 25 1 1 535 3 0.596261682242991 0.545794392523364 0.386915887850467 0.34018691588785 0.22619
9 26 1 1 589 7 0.528013582342954 0.638370118845501 0.387096774193548 0.125636672325976 0.29695
10 1 1 0 526 1 0.572243346007605 0.53041825095057 0.182509505703422 0.161596958174905 0.23704
10 2 1 0 541 1 0.545286506469501 0.545286506469501 0.290203327171904 0.184842883548983 0.2177
10 3 1 0 484 5 0.677685950413223 0.601239669421488 0.159090909090909 0.301652892561983 0.33149
10 4 1 0 539 2 0.554730983302412 0.471243042671614 0.170686456400742 0.179962894248609 0.26482
10 5 1 0 547 2 0.641681901279707 0.528336380255942 0.259597806215722 0.162705667276051 0.1744
10 6 1 0 492 4 0.684959349593496 0.601626016260163 0.215447154471545 0.213414634146341 0.32251
10 7 1 0 543 1 0.666666666666667 0.521178637200737 0.228360957642726 0.187845303867403 0.20626
10 8 1 0 382 6 0.753926701570681 0.678010471204188 0.107329842931937 0.269633507853403 0.17992
10 9 1 1 543 4 0.767955801104972 0.685082872928177 0.167587476979742 0.360957642725599 0.34364
10 10 1 1 524 0 0.706106870229008 0.639312977099237 0.137404580152672 0.41793893129771 0.25865
10 11 1 1 521 2 0.581573896353167 0.570057581573896 0.155470249520154 0.234165067178503 0.23609
10 12 1 1 538 1 0.620817843866171 0.650557620817844 0.156133828996283 0.284386617100372 0.24283
10 13 1 1 520 1 0.682692307692308 0.503846153846154 0.280769230769231 0.348076923076923 0.17728
10 14 1 1 541 7 0.704251386321627 0.685767097966728 0.175600739371534 0.310536044362292 0.30731
10 15 1 1 504 3 0.704365079365079 0.652777777777778 0.152777777777778 0.323412698412698 0.24138
10 16 1 1 520 0 0.7 0.596153846153846 0.205769230769231 0.267307692307692 0.29204
10 17 1 1 543 5 0.837937384898711 0.552486187845304 0.128913443830571 0.384898710865562 0.27367
10 18 1 1 480 0 0.729166666666667 0.575 0.21875 0.310416666666667 0.24031
10 19 1 1 544 1 0.744485294117647 0.503676470588235 0.209558823529412 0.459558823529412 0.23214
10 20 1 1 515 3 0.644660194174757 0.666019417475728 0.250485436893204 0.324271844660194 0.22571
10 21 1 1 520 3 0.655769230769231 0.5 0.186538461538462 0.307692307692308 0.22321
10 22 1 1 509 0 0.565815324165029 0.508840864440079 0.161100196463654 0.225933202357564 0.20725
10 23 1 1 495 3 0.654545454545455 0.472727272727273 0.187878787878788 0.185858585858586 0.23592
10 24 1 1 512 4 0.638671875 0.623046875 0.162109375 0.232421875 0.17052
10 25 1 1 497 3 0.585513078470825 0.595573440643863 0.138832997987928 0.211267605633803 0.25933
10 26 1 1 522 2 0.5 0.588122605363985 0.24904214559387 0.208812260536398 0.20752
11 1 1 0 643 0 0.639191290824261 0.55054432348367 0.3950233281493 0.31104199066874 0.15265
11 2 1 0 702 7 0.575498575498576 0.594017094017094 0.517094017094017 0.122507122507123 0.11609
11 3 1 0 639 1 0.583724569640063 0.572769953051643 0.295774647887324 0.142410015649452 0.18947
11 4 1 0 690 5 0.566666666666667 0.557971014492754 0.378260869565217 0.191304347826087 0.17603
11 5 1 0 701 2 0.69472182596291 0.429386590584879 0.356633380884451 0.164051355206847 0.25888
11 6 1 0 629 3 0.672496025437202 0.48489666136725 0.359300476947536 0.146263910969793 0.34393
11 7 1 0 359 2 0.64066852367688 0.476323119777159 0.532033426183844 0.144846796657382 0.23804
11 8 1 0 469 5 0.635394456289979 0.626865671641791 0.411513859275053 0.392324093816631 0.26913
11 9 1 1 679 5 0.649484536082474 0.483063328424153 0.285714285714286 0.188512518409426 0.20844
11 10 1 1 637 8 0.552590266875981 0.681318681318681 0.398744113029827 0.116169544740973 0.15979
11 11 1 1 609 4 0.504105090311987 0.617405582922824 0.423645320197044 0.0919540229885057 0.24355
11 12 1 1 550 8 0.405454545454545 0.650909090909091 0.434545454545455 0.114545454545455 0.2135
11 13 1 1 515 2 0.553398058252427 0.456310679611651 0.324271844660194 0.0893203883495146 0.2176
11 14 1 1 544 6 0.588235294117647 0.575367647058823 0.308823529411765 0.290441176470588 0.19725
11 15 1 1 521 2 0.579654510556622 0.618042226487524 0.410748560460653 0.284069097888676 0.31874
11 16 1 1 600 1 0.675 0.453333333333333 0.336666666666667 0.39 0.29464
11 17 1 1 666 4 0.515015015015015 0.433933933933934 0.433933933933934 0.168168168168168 0.25738
11 18 1 1 619 2 0.466882067851373 0.450726978998384 0.326332794830372 0.192245557350565 0.16027
11 19 1 1 687 4 0.513828238719068 0.46433770014556 0.430858806404658 0.192139737991266 0.2276
11 20 1 1 641 0 0.633385335413417 0.544461778471139 0.464898595943838 0.252730109204368 0.31831
11 21 1 1 636 3 0.572327044025157 0.639937106918239 0.501572327044025 0.221698113207547 0.2327
11 22 1 1 625 0 0.5616 0.5088 0.5504 0.216 0.17733
11 23 1 1 618 6 0.686084142394822 0.383495145631068 0.470873786407767 0.286407766990291 0.18299
11 24 1 1 631 5 0.554675118858954 0.421553090332805 0.354992076069731 0.22662440570523 0.22767
11 25 1 1 590 0 0.555932203389831 0.547457627118644 0.476271186440678 0.169491525423729 0.23108
11 26 1 1 640 4 0.68125 0.553125 0.1546875 0.0953125 0.19013
12 1 1 0 701 11 0.699001426533523 0.620542082738944 0.191155492154066 0.253922967189729 0.1455
12 2 1 0 723 6 0.663900414937759 0.55463347164592 0.156293222683264 0.177040110650069 0.16074
12 3 1 0 689 3 0.613933236574746 0.545718432510885 0.172714078374456 0.184325108853411 0.18425
12 4 1 0 712 4 0.615168539325843 0.639044943820225 0.25 0.269662921348315 0.14901
12 5 1 0 734 1 0.696185286103542 0.658038147138965 0.183923705722071 0.12125340599455 0.281
12 6 1 0 663 6 0.559577677224736 0.606334841628959 0.137254901960784 0.179487179487179 0.29859
12 7 1 0 721 7 0.712898751733703 0.533980582524272 0.201109570041609 0.11373092926491 0.24229
12 8 1 0 472 5 0.703389830508475 0.588983050847458 0.271186440677966 0.175847457627119 0.19971
12 9 1 1 671 4 0.640834575260805 0.526080476900149 0.184798807749627 0.286140089418778 0.22957
12 10 1 1 634 5 0.649842271293375 0.641955835962145 0.176656151419558 0.263406940063092 0.20857
12 11 1 1 573 6 0.621291448516579 0.542757417102967 0.197207678883072 0.258289703315881 0.28079
12 12 1 1 453 0 0.582781456953642 0.640176600441501 0.315673289183223 0.258278145695364 0.32285
12 13 1 1 570 3 0.643859649122807 0.515789473684211 0.17719298245614 0.356140350877193 0.23858
12 14 1 1 707 7 0.635077793493635 0.472418670438472 0.198019801980198 0.364922206506365 0.21201
12 15 1 1 636 4 0.699685534591195 0.533018867924528 0.132075471698113 0.419811320754717 0.23167
12 16 1 1 693 4 0.708513708513709 0.624819624819625 0.135642135642136 0.284271284271284 0.2119
12 17 1 1 714 1 0.675070028011205 0.588235294117647 0.134453781512605 0.294117647058824 0.29884
12 18 1 1 638 0 0.735109717868339 0.54858934169279 0.188087774294671 0.318181818181818 0.17029
12 19 1 1 718 5 0.54874651810585 0.527855153203343 0.227019498607242 0.233983286908078 0.28475
12 20 1 1 687 9 0.620087336244541 0.634643377001456 0.215429403202329 0.301310043668122 0.28437
12 21 1 1 687 2 0.590975254730713 0.675400291120815 0.212518195050946 0.241630276564774 0.31276
12 22 1 1 666 1 0.705705705705706 0.668168168168168 0.159159159159159 0.363363363363363 0.19342
12 23 1 1 680 3 0.576470588235294 0.616176470588235 0.219117647058824 0.245588235294118 0.21634
12 24 1 1 661 4 0.703479576399395 0.553706505295008 0.216338880484115 0.279878971255673 0.17836
12 25 1 1 687 3 0.630276564774381 0.490538573508006 0.235807860262009 0.262008733624454 0.19258
12 26 1 1 706 4 0.645892351274788 0.53257790368272 0.201133144475921 0.320113314447592 0.24877
13 1 1 0 608 2 0.629934210526316 0.524671052631579 0.180921052631579 0.123355263157895 0.16031
13 2 1 0 646 2 0.684210526315789 0.61609907120743 0.176470588235294 0.255417956656347 0.13649
13 3 1 0 579 4 0.661485319516408 0.53713298791019 0.252158894645941 0.226252158894646 0.19969
13 4 1 0 582 2 0.652920962199313 0.592783505154639 0.125429553264605 0.271477663230241 0.17338
13 5 1 0 543 1 0.777163904235727 0.622467771639042 0.0957642725598527 0.349907918968692 0.24302
13 6 1 0 513 1 0.783625730994152 0.682261208576998 0.257309941520468 0.38401559454191 0.25837
13 7 1 0 566 3 0.706713780918728 0.602473498233215 0.243816254416961 0.254416961130742 0.27049
13 8 1 0 431 1 0.670533642691415 0.587006960556845 0.211136890951276 0.22969837587007 0.27344
13 9 1 1 611 0 0.713584288052373 0.509001636661211 0.217675941080196 0.30114566284779 0.10756
13 10 1 1 576 4 0.689236111111111 0.543402777777778 0.168402777777778 0.383680555555556 0.22093
13 11 1 1 589 2 0.813242784380306 0.561969439728353 0.156196943972835 0.393887945670628 0.16952
13 12 1 1 625 2 0.6912 0.5376 0.1568 0.3248 0.14927
13 13 1 1 583 3 0.687821612349914 0.58147512864494 0.18696397941681 0.245283018867925 0.14308
13 14 1 1 589 5 0.684210526315789 0.512733446519525 0.215619694397284 0.31918505942275 0.17329
13 15 1 1 540 4 0.698148148148148 0.546296296296296 0.187037037037037 0.351851851851852 0.19213
13 16 1 1 606 4 0.676567656765677 0.541254125412541 0.186468646864686 0.306930693069307 0.17735
13 17 1 1 613 4 0.712887438825449 0.579119086460033 0.195758564437194 0.295269168026101 0.19388
13 18 1 1 562 3 0.704626334519573 0.597864768683274 0.0854092526690391 0.302491103202847 0.24316
13 19 1 1 610 0 0.686885245901639 0.634426229508197 0.198360655737705 0.350819672131148 0.19864
13 20 1 1 570 4 0.717543859649123 0.501754385964912 0.201754385964912 0.287719298245614 0.23328
13 21 1 1 229 4 0.707423580786026 0.593886462882096 0.161572052401747 0.283842794759825 0.19767
13 22 1 1 56 1 0.625 0.571428571428571 0.125 0.178571428571429 0.2931
13 23 1 1 268 1 0.582089552238806 0.559701492537313 0.283582089552239 0.175373134328358 0.27211
13 24 1 1 585 3 0.490598290598291 0.538461538461538 0.299145299145299 0.254700854700855 0.14701
13 25 1 1 582 1 0.4553264604811 0.561855670103093 0.390034364261168 0.199312714776632 0.17915
13 26 1 1 622 11 0.316720257234727 0.578778135048232 0.316720257234727 0.342443729903537 0.13776
14 1 0 0 348 0 0.692528735632184 0.514367816091954 0.382183908045977 0.0459770114942529 0.29008
14 2 0 0 410 2 0.631707317073171 0.58780487804878 0.360975609756098 0.0560975609756098 0.26174
14 3 0 0 338 1 0.686390532544379 0.656804733727811 0.384615384615385 0.0710059171597633 0.1408
14 4 0 0 338 4 0.644970414201183 0.502958579881657 0.899408284023669 0.0325443786982249 0.13274
14 5 0 0 376 1 0.587765957446808 0.348404255319149 0.473404255319149 0.0398936170212766 0.25401
14 6 0 0 380 3 0.607894736842105 0.310526315789474 0.581578947368421 0 0.3981
14 7 0 0 377 2 0.450928381962865 0.482758620689655 0.639257294429708 0.0477453580901857 0.33413
14 8 0 0 239 1 0.556485355648536 0.535564853556485 0.598326359832636 0.0251046025104603 0.37879
14 9 0 1 350 0 0.628571428571429 0.665714285714286 0.485714285714286 0.0428571428571429 0.22043
14 10 0 1 358 0 0.61731843575419 0.511173184357542 0.446927374301676 0.111731843575419 0.20624
14 11 0 1 389 6 0.686375321336761 0.38560411311054 0.544987146529563 0.0539845758354756 0.3
14 12 0 1 398 2 0.454773869346734 0.253768844221106 0.540201005025126 0 0.2199
14 13 0 1 387 1 0.51937984496124 0.403100775193798 0.545219638242894 0.00258397932816537 0.23869
14 14 0 1 341 0 0.536656891495601 0.360703812316716 0.601173020527859 0.00586510263929619 0.37975
14 15 0 1 314 0 0.343949044585987 0.439490445859873 0.39171974522293 0.0191082802547771 0.23824
14 16 0 1 373 2 0.436997319034853 0.364611260053619 0.571045576407507 0 0.12037
14 17 0 1 392 5 0.591836734693878 0.357142857142857 0.61734693877551 0.0408163265306122 0.21198
14 18 0 1 317 1 0.444794952681388 0.34384858044164 0.668769716088328 0.0725552050473186 0.19692
14 19 0 1 376 1 0.449468085106383 0.454787234042553 0.627659574468085 0.132978723404255 0.17488
14 20 0 1 328 1 0.371951219512195 0.375 0.439024390243902 0.0884146341463415 0.25959
14 21 0 1 325 2 0.473846153846154 0.553846153846154 0.633846153846154 0 0.23529
14 22 0 1 329 0 0.47112462006079 0.376899696048632 0.483282674772036 0.0790273556231003 0.10667
14 23 0 1 380 2 0.618421052631579 0.431578947368421 0.352631578947368 0.0105263157894737 0.13819
14 24 0 1 317 1 0.555205047318612 0.315457413249211 0.49211356466877 0 0.1733
14 25 0 1 339 1 0.554572271386431 0.52212389380531 0.407079646017699 0.00294985250737463 0.10979
14 26 0 1 308 1 0.545454545454545 0.61038961038961 0.548701298701299 0.36038961038961 0.16011
15 1 1 0 477 6 0.729559748427673 0.549266247379455 0.138364779874214 0.218029350104822 0.16118
15 2 1 0 32 1 0.59375 0.71875 0.625 0.28125 0.11538
15 3 1 0 231 3 0.411255411255411 0.787878787878788 0.502164502164502 0.16017316017316 0.28235
15 4 1 0 196 0 0.311224489795918 0.678571428571429 0.336734693877551 0.122448979591837 0.19403
15 5 1 0 259 1 0.478764478764479 0.590733590733591 0.517374517374517 0.123552123552124 0.25091
15 6 1 0 308 1 0.36038961038961 0.616883116883117 0.38961038961039 0.12987012987013 0.31548
15 7 1 0 238 0 0.369747899159664 0.65546218487395 0.445378151260504 0.117647058823529 0.20599
15 8 1 0 162 2 0.598765432098765 0.722222222222222 0.283950617283951 0.240740740740741 0.2186
15 9 1 1 295 1 0.36271186440678 0.647457627118644 0.291525423728814 0.11864406779661 0.15988
15 10 1 1 117 3 0.495726495726496 0.726495726495726 0.324786324786325 0.358974358974359 0.16667
15 11 1 1 34 0 0 0 1 0.411764705882353 0.10526
15 12 1 1 NA NA NA NA NA NA NA
15 13 1 1 NA NA NA NA NA NA NA
15 14 1 1 NA NA NA NA NA NA NA
15 15 1 1 NA NA NA NA NA NA NA
15 16 1 1 NA NA NA NA NA NA NA
15 17 1 1 NA NA NA NA NA NA NA
15 18 1 1 NA NA NA NA NA NA NA
15 19 1 1 NA NA NA NA NA NA NA
15 20 1 1 NA NA NA NA NA NA NA
15 21 1 1 NA NA NA NA NA NA NA
15 22 1 1 NA NA NA NA NA NA NA
15 23 1 1 NA NA NA NA NA NA NA
15 24 1 1 NA NA NA NA NA NA NA
15 25 1 1 NA NA NA NA NA NA NA
15 26 1 1 NA NA NA NA NA NA NA
16 1 0 0 610 3 0.611475409836066 0.570491803278689 0.275409836065574 0.147540983606557 0.28653
16 2 0 0 664 1 0.608433734939759 0.501506024096386 0.25 0.143072289156627 0.21586
16 3 0 0 611 3 0.703764320785597 0.563011456628478 0.284779050736498 0.23240589198036 0.32659
16 4 0 0 670 4 0.637313432835821 0.467164179104478 0.267164179104478 0.185074626865672 0.30012
16 5 0 0 689 4 0.711175616835994 0.529753265602322 0.275761973875181 0.28011611030479 0.2872
16 6 0 0 697 3 0.6987087517934 0.592539454806313 0.248206599713056 0.220946915351506 0.33036
16 7 0 0 693 4 0.704184704184704 0.561327561327561 0.253968253968254 0.154401154401154 0.27226
16 8 0 0 467 1 0.73661670235546 0.490364025695931 0.205567451820128 0.115631691648822 0.34297
16 9 0 1 664 2 0.644578313253012 0.59789156626506 0.228915662650602 0.243975903614458 0.26474
16 10 0 1 624 4 0.706730769230769 0.5 0.317307692307692 0.383012820512821 0.21357
16 11 0 1 641 4 0.664586583463339 0.585023400936037 0.199687987519501 0.251170046801872 0.27262
16 12 0 1 656 4 0.609756097560976 0.57469512195122 0.268292682926829 0.263719512195122 0.20326
16 13 0 1 622 3 0.638263665594855 0.554662379421222 0.237942122186495 0.218649517684887 0.25806
16 14 0 1 651 2 0.715821812596006 0.554531490015361 0.244239631336406 0.274961597542243 0.28721
16 15 0 1 578 0 0.631487889273356 0.517301038062284 0.275086505190311 0.26643598615917 0.32665
16 16 0 1 611 3 0.723404255319149 0.572831423895254 0.271685761047463 0.364975450081833 0.24288
16 17 0 1 642 3 0.672897196261682 0.514018691588785 0.246105919003115 0.227414330218069 0.23307
16 18 0 1 560 6 0.741071428571429 0.558928571428571 0.183928571428571 0.330357142857143 0.31841
16 19 0 1 662 3 0.694864048338369 0.574018126888218 0.287009063444109 0.351963746223565 0.20905
16 20 0 1 604 3 0.548013245033113 0.529801324503311 0.302980132450331 0.218543046357616 0.27133
16 21 0 1 590 1 0.696610169491525 0.588135593220339 0.249152542372881 0.306779661016949 0.28676
16 22 0 1 624 5 0.775641025641026 0.615384615384615 0.169871794871795 0.41025641025641 0.31269
16 23 0 1 628 1 0.705414012738854 0.702229299363057 0.292993630573248 0.348726114649682 0.32609
16 24 0 1 612 1 0.570261437908497 0.57843137254902 0.292483660130719 0.233660130718954 0.28423
16 25 0 1 614 3 0.698697068403909 0.558631921824104 0.268729641693811 0.299674267100977 0.30769
16 26 0 1 610 2 0.608196721311475 0.565573770491803 0.221311475409836 0.229508196721311 0.25941
